[logo.jpg]
filters=Invert=1;
moddate=9cd965647713d001
width=1623
height=654
textactive=0
[logo3new.jpg]
filters=finetune2=1,0.000000,0.000000,0.000000,00000000,0.941520;
moddate=8c7504219014d001
width=1623
height=654
text=1;144;15;GREY JEDI CODE!;Comic Sans MS;0.030502,0.078253,0.110643,6.283185;v1,4281866074,4292057109,128.000000,1.000000,0.500000,0.953125,700,2,49160;;
textactive=1
